7,0.48
9,0.33
9,0.31
10,0.26
11,0.32
12,0.37
12,0.35
13,0.42
14,0.63
15,0.68
16,0.57
17,0.54
18,0.7
19,0.67
20,0.84
21,0.75
22,1.02
23,1.05
24,1.05
25,0.91
26,0.93
27,0.81
28,0.79
28,0.79
29,0.89
30,0.93
31,1.02
32,1.17
33,1.37
34,1.7
35,1.7
36,1.69
37,1.64
38,1.66
39,2.07
40,1.92
41,2.25
41,2.25
42,2.75
43,2.74
44,2.83
45,2.7
46,2.81
47,2.71
47,2.71
48,2.78
49,2.87
50,2.98
51,2.92
51,2.93
51,2.93
52,3.12
53,3.13
54,3.26
55,3.48
56,3.49
57,3.67
58,3.76
59,3.68
60,3.74
61,3.65
62,3.41
63,3.49
64,3.36
65,3.35
65,3.36
66,3.33
67,3.25
68,3.16
69,3.36
70,3.43
71,3.39
71,3.39
72,3.8
73,3.91
74,3.89
74,3.91
75,4.0
76,4.05
77,4.14
78,4.2
79,4.29
80,4.2
81,4.22
82,3.97
83,4.1
84,4.27
85,4.28
86,4.3
87,4.54
88,4.61
89,4.58
90,4.54
91,4.86
92,4.81
93,4.7
94,4.77
94,4.76
94,4.76
94,4.76
94,4.77
95,4.76
96,4.7
97,4.72
98,4.82
99,4.95
100,5.22
101,5.08
102,4.97
103,4.84
104,4.74
104,4.75
105,4.69
106,4.93
107,4.84
108,5.04
109,5.13
110,5.17
110,5.17
111,5.27
112,5.16
112,5.15
113,5.23
114,5.22
115,5.09
116,4.89
117,5.28
118,5.28
118,5.28
119,5.22
120,5.37
121,5.36
122,5.42
123,5.57
124,5.6
125,5.72
126,5.72
127,5.83
128,5.9
129,5.88
130,6.02
130,5.98
130,6.02
131,6.07
132,6.07
133,5.98
134,5.89
135,5.93
136,5.86
137,5.86
138,5.79
139,5.78
140,5.78
141,5.68
142,5.64
143,5.82
143,5.82
144,5.97
145,6.02
146,6.47
147,6.59
148,6.68
149,6.88
150,6.9
151,7.08
152,6.89
153,6.84
154,6.86
155,6.96
156,6.95
157,7.13
158,7.12
159,7.07
160,7.05
160,7.04
