7,0.16
8,0.22
8,0.09
9,0.01
9,0.02
10,0.14
10,0.13
11,0.35
12,0.64
13,0.73
14,0.84
15,0.8
16,0.92
17,1.12
18,1.14
19,1.22
19,1.23
20,1.29
21,1.46
22,1.45
23,1.71
24,2.01
25,2.27
26,2.38
27,2.26
28,2.38
29,2.38
29,2.39
30,2.43
31,2.83
31,2.84
32,2.72
33,2.76
34,2.65
35,2.65
36,2.64
37,2.51
38,2.51
39,2.6
40,2.73
41,2.53
42,2.47
43,2.66
44,2.49
44,2.49
45,2.54
46,2.95
47,2.59
48,3.01
49,2.88
50,3.21
51,3.16
52,3.16
52,3.16
53,3.23
54,3.23
55,3.39
56,3.48
57,3.38
58,3.68
59,3.9
60,4.03
61,4.18
62,4.18
63,4.47
63,4.48
64,4.46
65,4.33
66,4.33
66,4.44
67,4.51
68,4.51
69,4.71
70,4.77
71,4.77
72,4.89
72,4.91
72,4.87
72,4.89
72,4.9
73,4.79
74,4.86
75,4.95
76,4.72
77,4.77
78,4.84
79,5.1
80,5.39
81,5.48
82,5.36
83,5.5
84,5.46
85,5.67
86,5.75
87,5.56
88,5.66
89,5.66
89,5.65
89,5.65
89,5.65
89,5.66
90,5.74
91,5.59
91,5.59
91,5.48
92,5.36
93,5.78
94,5.96
95,6.25
96,6.52
97,6.75
98,6.59
100,6.66
101,6.59
101,6.59
102,6.48
103,6.39
104,6.36
105,6.49
106,6.59
107,6.54
108,6.44
109,6.31
110,6.42
111,6.2
111,6.21
112,6.37
113,6.43
114,6.39
114,6.47
114,6.46
114,6.48
114,6.48
114,6.47
114,6.46
114,6.41
115,6.46
116,6.39
117,6.47
117,6.44
118,6.54
119,6.54
120,6.5
121,6.51
122,6.56
123,6.6
123,6.57
124,6.48
125,6.67
125,6.61
126,6.57
127,6.59
128,6.69
128,6.71
129,6.6
130,6.66
131,6.64
132,6.89
133,7.1
134,7.42
135,7.38
136,7.51
137,7.61
138,7.8
139,7.65
140,7.79
141,7.88
142,7.88
143,7.81
144,7.99
144,7.98
145,7.96
146,8.24
147,8.43
147,8.36
