7,0.37
9,0.3
9,0.3
10,0.45
11,0.41
12,0.53
13,0.5
13,0.49
14,0.54
15,0.54
16,0.53
17,0.7
18,0.66
19,0.57
20,0.47
21,0.54
22,0.57
23,0.5
24,0.44
24,0.54
25,0.54
26,0.94
27,0.73
27,0.73
28,1.06
29,1.09
30,0.96
30,0.96
31,1.23
32,1.21
33,1.3
34,1.15
35,1.22
36,1.18
37,1.07
38,1.14
39,1.04
40,1.1
41,1.4
42,1.53
42,1.65
42,1.68
43,1.74
44,1.8
45,2.23
46,2.22
47,2.42
48,2.46
49,2.44
50,2.62
51,2.56
52,2.64
53,2.52
54,2.58
55,2.5
55,2.51
56,2.59
57,2.56
57,2.55
58,2.45
59,2.59
60,2.71
60,2.67
61,2.89
62,3.05
63,2.95
64,3.14
65,3.37
66,3.23
67,3.39
68,3.29
69,3.25
70,3.36
71,3.46
72,3.62
73,3.55
73,3.56
74,3.49
75,3.41
75,3.53
76,3.86
77,3.88
78,4.04
78,4.04
79,4.07
80,4.53
81,4.4
82,4.33
83,4.28
84,4.52
85,4.49
86,4.58
87,4.7
87,4.69
88,4.83
89,4.76
90,4.79
90,4.79
90,4.79
90,4.79
90,4.79
91,4.97
92,5.17
93,5.2
94,5.44
95,5.42
96,5.33
97,5.22
98,5.26
99,5.38
100,5.28
101,5.35
103,5.63
104,5.64
105,5.53
106,5.59
107,5.75
108,5.88
108,5.86
109,6.01
110,6.17
111,6.25
112,6.31
113,6.15
114,6.21
114,6.22
115,6.38
116,6.4
117,6.29
118,6.36
119,6.54
120,6.47
121,6.62
122,6.45
123,6.44
124,6.56
125,6.79
126,6.79
127,6.76
127,6.77
128,6.7
129,6.92
130,6.99
131,6.66
132,6.65
133,6.81
134,7.03
135,7.12
136,7.22
136,7.21
137,7.08
138,7.24
139,7.42
140,7.51
141,7.6
141,7.6
142,7.67
143,7.74
144,7.64
145,7.79
146,7.74
147,7.86
148,8.05
149,8.05
150,7.97
151,7.93
152,7.72
153,7.81
154,7.99
155,7.95
155,7.96
156,7.97
157,8.17
157,8.3
157,8.19
