7,0.36
9,0.58
9,0.57
10,0.49
11,0.48
12,0.45
13,0.38
13,0.36
14,0.33
15,0.21
16,0.11
16,0.12
17,0.29
18,0.32
19,0.36
20,0.55
20,0.54
21,0.95
22,0.96
23,0.92
24,0.93
25,0.88
26,1.19
27,1.24
28,1.45
29,1.29
29,1.3
29,1.3
30,1.26
31,1.43
31,1.54
32,1.49
33,1.67
34,1.77
35,1.82
36,2.06
37,1.84
38,1.94
39,2.06
40,1.96
41,1.88
42,1.86
43,1.88
44,1.99
44,1.99
45,1.97
46,1.89
47,1.79
48,1.92
49,2.27
50,2.13
51,2.2
51,2.39
52,2.38
53,2.43
54,2.47
55,2.86
56,3.05
57,3.3
58,3.18
59,3.21
60,3.16
60,3.17
61,3.2
62,3.22
63,3.25
64,3.11
64,3.09
65,3.08
66,2.99
67,3.01
68,3.01
69,3.21
70,3.28
71,3.21
72,3.4
72,3.4
73,3.38
74,3.33
74,3.33
75,3.39
76,3.24
77,3.63
77,3.64
78,3.65
79,3.91
80,3.69
81,3.63
82,3.77
83,3.76
83,3.76
84,3.94
85,3.84
86,3.77
87,4.1
88,3.91
89,3.86
89,3.97
89,3.97
89,3.97
89,3.98
90,4.2
91,4.06
92,4.39
92,4.28
93,4.31
94,4.43
95,4.38
96,4.29
97,4.19
98,4.09
99,4.18
101,4.04
101,3.98
102,3.92
103,3.74
104,3.77
105,3.88
106,4.05
107,3.98
108,4.16
109,4.22
110,4.1
111,4.31
112,4.38
112,4.38
113,4.43
114,4.56
115,5.03
116,5.1
117,5.04
118,5.07
119,5.08
120,5.13
121,5.0
122,5.29
123,5.16
124,5.19
125,5.32
126,5.49
127,5.31
128,5.13
128,5.12
129,4.91
130,5.17
131,5.15
132,5.16
133,5.23
134,5.27
135,5.33
136,5.66
137,5.49
138,5.61
138,5.62
139,5.65
140,5.71
141,5.79
142,6.0
143,6.09
144,6.31
145,6.27
146,6.53
147,6.61
148,6.22
149,6.44
150,6.31
151,6.44
152,6.6
153,6.72
154,6.66
154,6.53
155,6.69
156,6.66
157,6.58
157,6.57
