5,0.0
7,0.04
7,0.14
8,0.02
9,-0.1
10,0.23
10,0.22
11,0.23
12,0.27
13,0.2
14,0.32
15,0.41
16,0.63
16,0.64
18,0.22
19,0.2
19,0.21
20,0.43
21,0.53
22,0.63
23,0.52
24,0.71
25,0.72
26,0.66
27,0.89
27,0.86
28,1.09
29,1.53
30,1.56
31,1.78
32,1.75
33,1.64
34,1.52
35,1.48
36,1.41
37,1.37
38,1.32
38,1.32
39,1.42
40,1.49
41,1.77
42,1.73
43,1.72
43,1.73
43,1.73
44,1.42
45,1.72
46,1.64
47,1.58
48,1.63
49,1.7
50,1.73
50,1.62
51,1.59
52,1.7
53,1.89
54,2.08
55,2.22
56,2.14
57,2.19
58,2.18
59,2.24
60,1.99
61,2.09
62,2.16
62,2.17
63,2.27
64,2.16
65,2.28
66,2.2
68,2.51
69,2.57
70,2.56
71,2.59
72,2.5
73,2.59
73,2.6
74,2.61
75,2.54
75,2.66
76,2.82
77,2.82
78,2.77
78,2.79
79,2.86
80,2.92
81,2.93
82,2.81
83,3.19
84,3.1
85,3.06
86,3.08
86,3.07
87,3.15
88,3.05
89,2.89
90,3.09
90,3.08
90,3.08
90,3.08
90,3.09
91,3.28
92,3.25
93,3.28
94,3.23
95,3.33
96,3.44
97,3.22
98,3.26
99,3.34
100,3.43
101,3.75
102,3.96
103,4.08
104,4.07
105,4.1
106,4.24
107,4.35
108,4.4
109,4.5
110,4.5
110,4.5
111,4.45
112,4.61
113,4.68
114,4.64
115,4.55
116,4.65
116,4.65
117,4.79
118,4.93
119,5.08
119,5.08
120,5.16
121,5.3
122,5.25
123,5.15
124,5.33
125,5.42
125,5.44
126,5.45
127,5.68
128,5.74
129,5.63
130,5.59
131,5.65
132,5.54
133,5.6
134,5.68
134,5.66
135,5.9
136,6.11
137,6.15
138,6.06
139,5.87
140,6.08
141,6.1
142,6.15
143,6.26
144,6.16
144,6.24
146,6.1
147,6.29
147,6.27
148,6.15
149,6.17
150,6.63
151,6.67
152,6.66
153,6.76
154,6.66
155,6.66
156,6.54
157,6.75
157,6.74
