10,0.71
11,1.0
11,0.84
12,0.74
13,0.66
14,0.66
15,0.76
15,0.65
16,0.83
17,0.83
17,0.83
18,1.06
19,0.89
19,0.9
20,0.99
21,0.89
22,0.99
23,0.93
23,0.93
24,0.89
25,0.86
26,1.06
27,0.94
28,1.12
28,1.11
29,1.1
30,0.96
30,0.97
31,0.96
32,1.06
33,1.23
33,1.21
34,1.53
35,1.6
36,1.56
37,1.53
38,1.59
39,1.66
40,1.92
41,2.07
42,2.14
43,2.24
44,2.3
45,2.32
46,2.54
47,2.44
48,2.6
49,2.56
49,2.55
50,2.46
51,2.45
52,2.4
53,2.63
54,2.76
55,2.8
56,2.94
57,2.8
58,2.84
59,3.19
59,3.09
60,3.1
61,3.29
62,3.34
63,3.33
64,3.31
65,3.57
66,3.58
67,3.92
68,4.02
68,3.93
69,3.82
70,3.87
71,3.85
72,4.02
73,3.96
73,3.86
74,3.81
75,3.91
76,4.31
77,4.26
77,4.23
78,4.35
79,4.28
79,4.28
80,4.44
81,4.5
82,4.39
83,4.36
84,4.3
84,4.3
85,4.34
86,4.26
87,3.95
88,4.12
88,4.12
88,4.12
88,4.12
88,4.12
89,4.11
90,4.31
91,4.3
92,4.2
93,4.46
94,4.53
95,4.7
96,4.73
97,4.52
98,4.68
99,4.6
100,4.61
101,4.46
101,4.46
102,4.6
103,4.54
104,4.56
104,4.57
105,4.69
106,4.75
107,4.87
107,4.87
108,5.02
109,4.96
110,4.99
111,4.88
112,4.93
113,4.94
114,5.14
115,5.1
116,5.19
116,5.19
117,5.42
118,5.22
118,5.23
119,5.17
120,5.13
121,5.2
122,4.97
123,5.12
124,5.37
124,5.36
125,5.33
126,5.32
127,5.64
128,5.68
129,5.56
130,5.56
131,5.62
132,5.81
133,5.79
134,5.8
135,5.95
136,5.93
137,5.94
138,5.98
139,6.17
140,6.03
141,6.36
141,6.3
142,6.32
143,6.35
144,6.41
145,6.28
146,6.54
147,6.42
147,6.33
148,6.37
149,6.55
150,6.55
151,6.4
152,6.59
153,6.8
153,6.7
