10,0.54
11,0.83
12,0.71
13,0.82
14,0.75
15,0.76
16,0.55
17,0.64
18,0.7
19,0.6
20,0.53
21,0.4
22,0.53
23,0.5
24,0.62
25,0.61
26,0.53
26,0.63
27,0.58
28,0.82
28,0.8
29,0.87
30,0.74
31,0.76
32,0.89
33,1.01
34,0.93
34,0.83
35,0.83
36,0.7
37,0.67
38,0.61
39,0.59
40,0.72
40,0.72
41,0.79
42,0.68
43,0.85
44,0.91
45,0.83
45,0.84
46,0.72
47,0.67
48,0.75
49,0.88
50,0.94
50,1.0
51,0.94
51,0.93
52,1.07
53,1.37
54,1.26
54,1.39
55,1.64
56,1.84
57,1.86
58,1.87
58,1.83
58,1.84
58,1.83
59,1.84
60,1.88
61,1.98
62,1.89
63,1.86
64,2.07
64,2.08
65,2.0
66,2.17
67,2.03
68,2.16
69,2.33
70,2.43
71,2.54
72,2.71
73,2.57
74,2.43
75,2.46
77,2.71
77,2.72
78,2.61
79,2.8
80,2.68
80,2.68
81,2.78
82,3.06
83,2.92
84,3.06
84,3.04
85,3.06
86,3.09
87,3.15
88,3.22
89,3.25
89,3.3
89,3.3
89,3.3
89,3.3
90,3.22
91,3.28
92,3.19
93,3.22
94,3.35
95,3.43
95,3.43
96,3.64
97,3.49
98,3.7
99,3.77
100,3.96
101,3.91
102,3.67
103,3.64
104,3.92
105,4.06
106,4.04
107,4.01
108,4.01
109,3.83
110,4.04
111,4.09
112,4.03
112,4.03
113,4.12
114,4.1
115,4.04
116,4.18
117,3.97
118,4.01
119,4.02
120,4.1
121,4.16
122,4.33
123,4.49
124,4.44
125,4.4
126,4.44
127,4.54
128,4.67
128,4.66
129,4.93
130,4.96
131,4.84
132,5.0
133,5.04
134,4.84
134,4.97
135,5.06
136,5.24
137,5.14
138,5.17
139,5.25
139,5.17
140,5.61
141,5.86
142,6.04
143,6.05
144,6.07
145,5.92
145,5.94
146,5.99
147,6.04
148,5.8
149,6.31
149,6.33
149,6.34
149,6.34
150,6.44
151,6.53
152,6.52
153,6.38
153,6.5
