14,0.46
15,0.39
16,0.44
17,0.62
18,0.57
19,0.76
20,0.54
21,0.67
22,0.94
23,0.96
24,1.01
25,1.07
26,1.15
27,1.14
28,1.04
29,1.49
29,1.47
30,1.79
31,2.04
32,2.13
33,2.23
34,2.47
35,2.56
36,2.67
37,2.89
38,3.11
39,3.53
39,3.55
40,3.64
41,3.66
41,3.67
42,3.78
43,3.7
44,3.82
45,4.1
45,4.13
47,4.31
47,4.3
48,4.18
48,4.16
49,4.18
49,4.19
51,4.31
52,4.35
53,4.31
54,4.42
55,4.54
56,4.16
56,4.26
57,4.39
58,4.4
59,4.24
60,4.69
61,5.0
61,4.91
62,4.82
63,5.3
64,5.15
65,5.17
65,5.16
66,5.32
67,5.38
67,5.39
68,5.29
69,5.24
69,5.27
69,5.29
69,5.29
70,5.31
70,5.32
71,5.49
72,5.54
73,5.55
74,5.58
75,5.9
76,6.05
77,6.08
78,6.1
78,6.11
78,6.12
79,6.1
80,6.16
81,6.16
81,6.16
81,6.16
81,6.16
82,6.21
83,6.4
84,6.45
85,6.57
86,6.55
87,6.59
88,6.59
89,6.6
90,6.48
91,6.48
91,6.45
92,6.58
93,6.91
94,6.96
95,6.81
96,6.88
97,6.87
98,6.89
99,6.85
100,7.12
101,7.28
102,7.36
103,7.37
104,7.31
105,7.23
105,7.23
106,6.79
107,7.01
108,7.03
109,7.08
110,6.99
110,7.0
111,7.1
112,7.32
113,7.46
114,7.57
115,7.47
116,7.66
116,7.65
117,7.68
118,7.82
119,7.92
120,8.07
121,8.04
122,8.01
123,7.91
124,8.04
125,7.97
126,8.11
127,8.33
128,8.63
129,8.82
130,8.75
131,8.68
132,8.99
132,8.99
133,8.93
134,8.9
135,8.88
136,9.19
137,9.57
138,9.69
139,9.71
139,9.94
141,10.08
142,10.17
142,10.14
143,10.21
144,10.25
145,10.17
146,10.07
147,10.29
148,10.17
148,10.16
149,10.13
150,9.94
151,9.94
151,9.91
152,10.08
153,9.93
153,9.93
153,9.93
