14,1.32
15,1.52
16,1.45
17,1.43
17,1.43
18,1.38
19,1.1
20,1.23
21,1.2
22,1.4
23,1.57
23,1.6
25,1.64
25,1.62
26,1.59
27,1.54
28,1.39
28,1.38
29,1.48
30,1.39
31,1.27
32,1.31
33,1.25
34,1.36
35,1.25
36,1.13
37,1.24
37,1.15
38,1.17
39,1.09
39,1.09
40,0.95
41,1.15
42,1.05
43,1.02
43,1.06
45,0.89
45,0.89
46,1.1
47,1.4
48,1.49
48,1.5
49,1.54
50,1.77
51,1.66
52,1.75
53,2.07
54,2.14
55,2.19
56,2.61
57,2.57
58,2.61
59,2.55
60,2.58
61,2.65
62,2.57
63,2.63
64,2.69
64,2.72
65,2.82
66,3.0
67,3.04
67,3.04
68,3.18
69,3.21
70,3.26
71,3.15
72,3.07
73,2.94
74,3.02
75,2.85
76,2.93
76,2.93
77,3.0
78,2.79
79,2.8
80,2.76
81,2.97
81,2.99
82,2.99
83,3.02
84,2.89
85,2.91
85,2.8
85,2.8
85,2.8
86,2.91
87,3.05
88,3.2
89,3.25
90,3.21
92,3.61
92,3.63
93,3.8
94,3.97
95,3.93
96,4.14
97,4.55
98,4.48
99,4.65
100,4.71
101,4.73
101,4.73
101,4.74
102,4.78
103,4.8
104,4.97
105,4.97
106,5.01
107,4.79
108,4.69
109,4.61
110,4.93
111,4.8
112,4.95
113,5.05
114,5.23
114,5.19
115,5.06
116,5.09
117,5.16
118,5.4
119,5.46
120,5.59
121,5.67
122,5.71
123,5.76
124,5.69
125,5.86
126,6.15
127,6.3
128,6.39
129,6.54
130,6.65
130,6.63
131,6.63
132,6.7
133,6.79
134,6.77
135,6.85
136,6.91
137,7.01
138,7.08
139,7.03
140,7.22
141,7.02
142,7.05
143,6.93
143,6.92
143,6.94
144,7.09
145,7.18
146,7.3
147,7.24
148,7.35
149,7.52
150,7.62
151,7.64
152,7.68
153,7.72
154,7.67
154,7.67
155,7.69
156,7.63
157,7.56
158,7.62
158,7.62
158,7.62
