14,1.04
15,1.01
15,1.02
16,1.17
17,1.09
18,1.12
19,1.22
20,1.45
21,1.61
21,1.62
22,1.69
22,1.76
24,1.8
24,1.78
24,1.78
26,1.81
27,1.99
28,2.1
29,2.12
30,2.05
31,2.02
32,1.9
33,2.24
33,2.24
34,2.22
35,2.08
36,2.15
37,2.22
38,2.23
39,2.31
40,2.35
41,2.57
42,2.62
43,2.74
44,2.89
44,2.86
46,2.89
46,2.88
47,3.07
48,3.35
49,3.47
50,3.44
51,3.72
52,3.54
53,3.66
54,3.81
55,3.72
56,3.85
57,3.81
58,3.8
59,4.14
59,4.14
60,4.31
61,4.44
62,4.55
63,4.82
64,4.82
65,4.96
66,4.88
67,5.05
68,5.1
69,4.97
69,5.07
70,5.13
71,5.32
72,5.41
73,5.3
74,5.23
75,5.26
76,5.27
77,5.42
78,5.38
79,5.46
80,5.68
81,5.46
82,5.54
82,5.55
83,5.83
84,5.81
84,5.82
85,5.72
86,5.61
87,5.55
87,5.55
87,5.55
87,5.55
88,5.64
89,5.51
90,5.61
91,5.7
92,5.74
93,5.86
94,6.0
95,6.07
96,6.08
97,6.05
98,6.31
99,6.42
100,6.46
100,6.44
101,6.46
102,6.38
103,6.29
104,6.13
105,6.04
106,6.21
106,6.2
107,6.29
108,6.05
109,6.32
110,6.43
111,6.51
112,6.73
112,6.71
113,6.8
114,6.94
115,6.86
116,6.74
117,6.87
118,6.93
119,6.81
120,6.71
121,7.22
122,7.29
123,7.18
123,7.34
125,7.49
126,7.55
127,7.62
128,7.55
129,7.36
130,7.48
132,7.47
132,7.46
132,7.42
132,7.43
133,7.53
134,7.53
135,7.47
136,7.44
137,7.45
137,7.45
138,7.58
139,7.68
140,7.56
141,7.53
142,7.66
143,7.64
143,7.65
144,7.84
145,7.79
146,7.84
147,7.89
148,8.05
149,8.13
150,8.27
151,8.26
152,8.24
153,8.26
153,8.19
154,8.19
155,8.33
156,8.39
157,8.33
158,8.55
159,8.79
159,8.79
159,8.79
