14,0.84
15,1.04
15,1.04
16,0.93
17,1.03
18,1.17
19,1.25
20,1.11
21,1.09
21,1.08
22,1.18
22,1.1
24,0.84
24,0.83
24,0.82
26,0.96
27,0.94
28,0.99
29,0.92
30,1.23
31,1.1
31,1.11
32,1.26
32,1.25
33,1.21
34,1.16
35,1.14
36,1.0
37,1.16
38,1.44
39,1.61
40,1.75
41,1.77
42,1.93
43,1.91
43,2.12
45,2.23
45,2.23
46,2.36
47,2.22
48,2.39
49,2.6
50,2.5
51,2.68
52,2.97
53,3.04
54,3.05
55,3.16
56,3.18
57,3.14
58,3.25
58,3.26
59,3.22
60,3.34
61,3.25
62,3.37
63,3.27
64,3.17
65,3.1
66,3.29
67,3.21
68,3.18
68,3.18
69,3.27
70,3.19
71,3.45
72,3.44
73,3.2
74,3.21
75,3.15
76,3.15
77,3.29
78,3.5
79,3.54
80,3.81
81,3.67
81,3.8
82,3.73
83,3.92
83,3.92
84,3.9
85,3.96
86,3.81
86,3.81
86,3.81
86,3.81
87,3.96
88,3.85
89,4.04
90,4.04
91,4.13
92,4.22
93,4.48
94,4.45
95,4.67
96,4.64
97,4.54
98,4.59
99,4.73
99,4.72
100,4.85
100,4.73
100,4.74
101,4.68
102,4.61
103,4.68
104,4.66
105,4.77
106,4.9
107,4.86
108,5.24
109,5.42
110,5.45
110,5.43
111,5.42
112,5.58
112,5.69
113,5.64
114,5.64
115,5.48
116,5.71
117,5.9
118,6.0
118,6.1
119,6.03
119,5.96
121,5.84
122,5.76
123,5.73
124,5.79
125,5.76
126,5.9
128,6.02
129,6.12
129,6.11
130,6.04
131,6.08
132,5.87
133,5.99
134,5.91
135,5.92
135,5.92
136,5.87
137,5.86
138,5.77
139,5.86
140,6.18
141,6.3
141,6.31
142,6.62
143,6.82
144,6.79
145,7.01
146,7.28
147,7.2
148,7.04
149,7.17
150,7.15
151,7.22
151,7.16
152,7.27
153,7.42
154,7.26
155,7.12
156,7.17
157,7.42
157,7.42
157,7.42
