7,-0.03
7,-0.02
8,0.15
9,0.43
10,0.13
11,0.22
12,0.12
13,0.18
14,0.23
15,0.04
16,0.49
17,0.44
18,0.39
19,0.54
19,0.53
20,0.65
20,0.62
21,0.78
21,0.79
21,0.78
22,0.79
23,0.89
24,1.0
25,1.01
26,1.01
27,0.94
28,1.0
29,1.12
29,1.15
30,1.12
32,1.2
32,1.22
33,1.19
34,1.28
35,1.06
35,1.08
36,1.16
37,1.09
38,1.26
39,1.39
40,1.58
41,1.58
42,1.51
43,1.54
44,1.77
44,1.77
45,1.89
46,1.85
47,1.95
48,1.94
49,2.0
50,2.06
51,2.03
52,2.09
53,2.21
54,2.16
55,2.24
56,2.14
57,2.27
57,2.27
58,2.08
59,2.26
60,2.36
61,2.39
62,2.43
63,2.56
63,2.56
63,2.56
64,2.49
65,2.52
66,2.72
67,2.81
68,2.78
69,2.77
70,2.87
71,3.04
72,3.02
73,3.6
74,3.58
75,3.77
76,3.79
77,3.83
78,3.92
79,3.76
80,4.12
81,4.02
82,4.2
83,4.22
84,4.32
85,4.43
86,4.54
86,4.64
86,4.64
86,4.64
86,4.65
87,4.61
88,4.59
89,4.6
90,4.77
91,4.79
92,4.85
92,4.75
93,4.82
94,4.9
95,4.94
96,5.08
97,5.0
98,5.16
99,5.23
100,5.36
101,5.33
102,5.3
103,5.14
103,5.11
104,5.03
104,4.95
105,4.91
106,5.1
107,5.24
107,5.24
108,5.17
109,5.32
110,5.32
111,5.42
112,5.35
113,5.47
113,5.47
115,5.51
116,5.54
117,6.07
118,5.97
119,6.12
120,6.14
121,6.05
122,6.21
123,6.32
123,6.33
124,6.6
125,6.65
126,6.67
127,6.76
128,6.8
129,6.99
130,7.03
131,7.09
132,7.13
133,7.1
134,6.99
134,6.87
135,7.11
135,7.03
136,7.17
137,6.99
138,7.1
139,7.15
140,7.14
141,7.23
142,7.13
142,7.13
143,7.27
144,7.25
145,7.16
146,7.33
147,7.37
147,7.38
148,7.49
149,7.43
150,7.45
151,7.59
151,7.58
152,7.66
152,7.67
153,7.68
154,7.58
155,7.67
155,7.67
155,7.67
