6,0.29
7,0.3
8,0.73
9,0.83
10,0.85
11,0.76
12,0.99
13,1.33
14,1.12
15,1.07
15,1.08
16,1.23
17,1.09
18,1.1
19,1.08
20,1.31
21,1.46
21,1.48
22,1.55
23,1.62
24,1.87
25,1.71
26,1.96
27,1.85
28,1.87
29,1.89
30,1.82
31,2.18
32,2.13
33,2.13
34,2.38
34,2.39
35,2.37
36,2.31
37,2.2
37,2.19
38,2.3
39,2.48
40,2.27
41,2.42
42,2.42
42,2.34
43,2.36
44,2.25
45,2.32
46,2.18
47,2.28
48,2.35
49,2.18
49,2.19
50,2.52
51,2.48
52,2.7
53,2.67
54,2.69
55,3.03
56,3.1
57,3.37
58,3.25
59,3.47
60,3.44
61,3.33
62,3.49
62,3.49
63,3.42
64,3.35
64,3.46
65,3.5
66,3.54
67,3.42
68,3.47
69,3.64
70,3.67
71,3.76
72,3.94
73,3.95
74,3.77
75,3.9
76,3.84
77,3.7
77,3.67
78,3.56
79,3.65
80,3.62
81,3.71
82,3.79
83,3.77
84,3.82
85,3.68
86,3.93
87,3.91
87,3.9
87,3.9
87,3.9
87,3.91
88,4.07
89,3.97
90,3.94
91,3.93
92,3.96
93,3.84
93,3.85
94,4.05
95,4.12
96,4.22
97,4.09
98,4.34
99,4.26
100,4.12
101,3.91
102,3.94
103,3.92
103,3.91
104,3.87
105,4.09
106,4.19
107,4.05
108,3.94
109,4.33
110,4.46
111,4.49
112,4.57
113,4.66
114,4.48
115,4.31
116,4.4
117,4.36
118,4.25
119,4.35
119,4.2
120,4.21
121,4.1
122,4.47
123,4.55
124,4.64
125,4.76
125,4.76
126,4.63
127,4.73
128,4.97
129,5.04
129,5.07
131,5.33
131,5.3
132,5.45
133,5.44
134,5.77
135,5.69
136,5.73
137,5.9
138,5.9
139,5.93
140,5.9
141,5.81
142,5.96
143,6.02
144,6.14
144,6.13
145,6.05
146,6.21
147,6.1
148,6.03
149,5.94
150,6.33
151,6.23
152,6.28
153,6.33
153,6.3
154,6.29
155,6.24
156,6.27
157,6.24
158,6.41
159,6.29
160,6.5
160,6.5
160,6.5
