2,-0.01
3,-0.07
4,-0.12
5,-0.02
6,0.12
7,0.07
8,-0.08
9,-0.06
10,-0.16
11,-0.09
12,-0.05
13,0.05
14,0.28
15,0.23
16,0.32
17,0.21
18,0.45
19,0.42
20,0.52
21,0.51
22,0.55
22,0.59
23,0.59
23,0.56
24,0.58
25,0.63
27,0.89
28,1.06
29,1.12
30,1.24
31,1.19
32,1.51
33,1.6
33,1.6
34,1.61
35,1.34
36,1.42
37,1.53
37,1.55
38,1.7
39,1.71
40,1.69
41,1.67
42,1.72
43,1.84
44,1.81
45,1.96
46,1.96
46,1.96
47,1.86
48,1.93
49,2.06
50,2.01
51,2.1
52,2.25
52,2.25
53,2.29
54,2.44
55,2.44
56,2.51
57,2.53
58,2.61
59,2.92
60,2.97
61,3.01
62,3.04
63,3.0
64,3.0
65,3.05
65,3.05
66,3.02
67,3.06
68,3.16
69,3.23
70,3.28
71,3.24
71,3.22
72,3.1
73,3.06
74,2.97
75,3.21
76,3.17
77,3.33
78,3.53
79,3.65
80,3.73
81,3.77
82,3.96
83,3.82
84,4.01
85,4.06
86,4.01
87,4.1
88,4.11
88,4.11
88,4.11
88,4.11
88,4.11
89,4.06
90,4.12
91,4.13
92,4.07
93,4.13
94,4.2
95,4.14
96,4.02
97,4.05
98,3.96
99,3.95
100,3.84
101,4.08
102,4.14
103,4.14
104,4.26
105,4.35
105,4.35
106,4.38
107,4.3
108,4.39
109,4.5
110,4.76
111,4.73
112,4.92
113,4.95
114,5.03
115,5.32
116,5.34
117,5.4
118,5.28
119,5.46
120,5.62
121,5.52
122,5.69
123,5.7
124,5.84
125,5.87
125,5.87
126,5.86
127,6.09
128,6.27
129,6.19
130,6.11
131,6.26
131,6.26
132,6.22
133,6.27
134,6.19
135,6.28
136,6.22
137,6.3
138,6.38
140,6.45
141,6.37
142,6.48
143,6.53
144,6.44
144,6.44
145,6.47
146,6.58
147,6.54
148,6.78
149,5.99
150,6.76
150,6.76
151,6.89
152,6.89
153,6.85
154,6.85
155,6.96
156,7.03
156,7.03
157,7.08
158,7.28
159,7.43
160,7.39
161,7.35
162,7.48
162,7.48
162,7.48
162,7.48
162,7.48
162,7.48
