1,0.09
2,0.07
3,0.41
4,0.42
5,0.52
6,0.43
6,0.43
7,0.4
8,0.51
9,0.52
9,0.52
10,0.42
11,0.38
11,0.36
12,0.15
13,0.13
14,0.18
14,0.17
15,0.07
15,0.17
16,0.39
17,0.37
18,0.62
19,0.71
20,0.77
21,0.78
22,0.67
23,0.67
23,0.67
24,0.57
25,0.52
26,0.59
27,0.59
28,0.59
29,0.5
30,0.63
31,0.61
32,0.99
32,0.98
34,0.9
35,0.87
36,0.84
37,1.06
38,1.03
39,0.73
39,0.71
40,0.91
41,1.42
42,1.56
43,1.52
44,1.5
45,1.53
46,1.68
47,1.86
48,1.89
49,1.96
50,2.14
51,2.04
52,2.27
53,2.5
54,2.49
55,2.58
56,2.55
57,2.52
58,2.58
59,2.8
59,2.79
59,2.69
59,2.69
59,2.69
60,2.97
61,3.03
62,3.06
63,3.17
64,3.25
65,3.22
66,3.38
67,3.55
68,3.49
69,3.41
70,3.67
71,3.64
72,3.82
73,3.76
74,3.83
75,3.9
76,3.89
76,3.89
77,3.84
78,3.86
79,3.94
80,4.01
81,4.01
82,3.86
83,3.79
84,3.64
85,3.72
86,3.81
87,3.9
88,4.03
89,4.01
89,3.99
90,4.17
91,4.12
92,4.29
93,4.26
94,4.24
95,4.28
95,4.28
96,4.22
97,4.21
98,3.93
99,4.0
100,4.19
101,4.14
101,4.15
102,4.39
103,4.62
104,4.75
104,4.76
104,4.75
105,4.87
106,4.92
107,4.96
108,4.92
109,4.86
110,4.82
110,4.92
110,4.92
111,4.93
112,5.04
113,5.15
114,5.43
115,5.08
116,5.41
116,5.41
117,5.38
118,5.59
119,5.73
120,5.82
121,5.96
122,5.94
123,5.91
124,6.03
125,5.98
126,6.31
127,6.22
128,6.25
128,6.35
128,6.35
128,6.35
128,6.35
128,6.35
128,6.35
