3,0.35
4,0.35
5,0.49
6,0.5
7,0.4
8,0.56
9,0.58
10,0.5
11,0.65
12,0.53
13,0.77
14,0.87
15,1.24
16,1.3
16,1.3
17,1.18
18,1.31
19,1.17
20,1.29
21,1.3
22,1.28
23,1.28
24,1.22
25,1.21
26,1.05
26,1.05
28,1.24
29,1.3
30,1.34
31,1.33
31,1.33
31,1.33
33,1.41
34,1.44
35,1.68
36,1.59
37,1.65
38,1.81
38,1.81
39,1.88
39,1.89
41,2.12
42,2.26
43,2.16
44,2.36
45,2.4
46,2.36
47,2.33
48,2.35
49,2.58
50,2.55
51,2.59
52,2.65
53,2.39
54,2.44
55,2.6
56,2.67
57,3.01
58,3.02
58,3.02
59,2.95
60,3.11
61,3.08
62,2.94
63,3.04
64,3.02
65,3.1
66,2.95
67,2.73
68,2.8
69,2.94
70,2.82
71,3.15
71,3.11
72,3.15
73,3.2
74,3.26
75,3.17
76,3.23
77,3.25
78,3.18
79,2.95
80,3.11
80,3.01
81,3.3
82,3.33
83,3.37
84,3.29
85,3.55
86,3.46
86,3.34
87,3.57
88,3.74
89,3.73
89,3.73
89,3.73
89,3.73
89,3.73
90,3.83
91,3.89
92,3.9
93,3.94
93,3.94
94,4.44
94,4.43
95,4.52
96,4.55
97,4.57
98,4.45
99,4.45
100,4.52
100,4.52
100,4.53
101,4.44
103,4.71
103,4.71
104,4.8
105,4.77
106,4.82
107,4.89
108,4.93
109,5.04
109,5.08
110,4.99
111,5.03
111,5.01
112,5.16
113,5.07
114,5.19
115,5.04
116,5.11
117,5.3
118,5.35
119,5.45
120,5.46
121,5.75
121,5.77
122,5.77
123,5.86
124,5.99
125,5.91
126,5.85
127,5.59
128,5.7
129,5.76
130,5.67
130,5.67
131,5.71
132,5.75
133,5.75
134,5.85
136,5.77
137,6.07
138,6.09
139,6.0
140,6.29
141,6.44
142,6.39
143,6.39
144,6.29
145,6.52
146,4.94
147,6.69
147,6.68
148,6.6
149,6.49
150,6.64
151,6.7
152,6.71
153,6.7
154,6.88
155,6.86
156,6.82
156,6.75
157,6.94
158,7.03
159,7.19
159,7.18
159,7.18
159,7.18
159,7.18
159,7.18
