2,-0.29
3,-0.28
4,-0.31
5,-0.15
6,-0.16
6,-0.25
7,-0.21
8,0.33
9,0.24
10,0.22
11,0.29
12,0.39
14,0.18
15,0.5
15,0.5
16,0.57
17,0.88
18,0.96
18,0.94
18,0.93
19,0.87
20,1.0
21,0.77
22,0.67
23,0.65
24,0.55
26,0.51
27,0.42
28,0.43
29,0.57
30,0.9
31,1.0
32,0.88
33,0.8
33,0.91
34,0.89
35,0.87
36,0.85
37,0.81
38,0.81
39,0.84
40,0.83
41,0.77
42,0.98
43,0.89
43,0.89
44,0.96
45,0.94
45,0.94
46,1.19
47,0.99
48,1.15
49,1.25
50,1.05
50,1.36
51,1.21
52,1.47
53,1.55
54,1.73
55,1.7
56,1.64
57,1.59
58,1.57
59,1.73
60,1.81
61,1.8
61,1.79
62,2.06
63,2.16
63,2.17
64,2.09
65,2.0
66,1.87
67,1.9
68,1.91
69,1.9
70,1.68
71,1.92
72,1.9
73,2.02
73,2.03
74,1.95
75,1.91
76,1.96
77,1.95
78,1.91
79,1.87
80,1.63
81,1.88
82,2.12
83,2.1
84,2.33
85,2.25
86,2.65
86,2.65
86,2.65
86,2.65
86,2.65
87,2.81
88,2.54
89,2.35
90,2.71
91,2.7
92,2.79
92,2.8
93,2.84
94,2.75
95,2.94
96,3.22
97,3.2
98,3.26
99,3.39
100,3.49
101,3.56
101,3.47
102,3.37
103,3.45
104,3.66
104,3.64
105,4.0
106,4.16
107,4.1
108,4.15
109,4.25
110,4.22
111,4.37
112,4.58
113,4.86
114,4.94
115,5.06
116,5.24
117,5.29
117,5.37
118,5.37
119,5.43
120,5.43
120,5.44
122,5.72
123,5.58
124,5.58
125,5.99
126,6.04
127,6.45
128,6.36
129,6.42
130,6.34
131,6.32
132,6.36
133,6.48
134,6.49
135,6.59
137,6.63
138,6.51
139,6.65
140,6.59
141,6.65
141,6.74
142,6.95
143,6.82
143,6.8
144,6.78
145,6.14
146,6.76
147,6.83
148,6.97
149,7.16
149,7.29
150,7.05
151,7.23
152,7.44
153,7.31
154,7.28
155,7.21
156,7.53
157,7.6
158,7.55
159,7.56
159,7.56
159,7.56
159,7.56
159,7.56
159,7.56
