1,-0.12
2,-0.13
3,-0.17
4,0.04
5,0.15
6,0.34
7,0.26
7,0.26
8,0.25
9,0.23
10,0.36
11,0.7
12,0.61
14,0.5
15,0.51
15,0.52
16,0.58
17,0.61
18,0.49
19,0.7
20,0.85
21,1.01
21,0.75
22,0.85
23,1.03
24,1.1
25,0.98
27,1.23
28,1.33
29,1.51
30,1.44
31,1.37
31,1.37
33,1.45
34,1.45
34,1.46
34,1.51
34,1.5
34,1.47
34,1.47
35,1.7
36,1.67
37,1.73
38,1.63
38,1.65
39,1.95
40,1.85
41,2.05
42,1.99
43,2.2
44,2.01
45,1.92
46,1.99
47,2.02
48,1.91
49,2.13
49,2.11
50,2.28
51,2.16
52,1.94
53,2.02
54,2.22
55,2.21
56,2.17
57,2.12
58,2.23
59,2.27
60,2.28
61,2.48
62,2.22
62,2.22
63,2.12
64,2.07
64,2.06
65,2.05
66,2.1
67,2.02
68,2.16
69,2.36
70,2.42
71,2.41
72,2.21
73,2.29
74,2.5
74,2.49
74,2.49
75,2.48
76,2.38
76,2.38
77,2.4
78,2.58
79,2.44
80,2.92
81,2.87
82,2.96
82,2.96
82,2.96
82,2.96
82,2.96
83,2.93
84,2.99
85,3.24
86,3.15
87,3.31
88,3.36
88,3.36
88,3.35
89,3.31
90,3.38
91,3.4
92,3.32
93,3.56
94,3.56
95,3.37
96,3.63
97,3.83
97,3.82
98,3.86
99,3.81
100,3.73
101,3.73
102,3.8
103,3.8
104,3.88
105,3.84
106,3.93
106,3.72
107,4.05
108,4.23
109,4.49
110,4.74
111,4.67
112,4.61
113,4.6
114,4.58
115,4.66
116,4.62
116,4.63
117,4.57
117,4.57
118,4.64
119,4.53
120,4.67
121,4.82
122,5.0
123,5.02
124,5.19
125,5.29
126,5.38
127,5.42
128,5.33
129,5.43
131,5.49
132,5.34
133,5.41
134,5.53
135,5.43
135,5.45
136,5.51
137,5.68
138,5.72
139,5.77
140,5.54
141,5.71
141,5.71
141,5.71
142,5.68
143,5.88
144,5.95
145,5.85
146,5.99
147,6.33
148,6.34
149,6.25
149,6.15
149,6.16
150,6.2
151,6.14
151,6.14
151,6.14
151,6.14
151,6.14
151,6.14
