8,None
9,0.85
10,0.8
11,0.97
12,0.98
13,0.91
13,0.97
14,1.0
15,0.95
15,0.92
16,1.05
17,1.08
18,0.84
19,1.05
20,1.07
20,1.16
21,1.36
22,1.37
24,1.56
26,1.68
26,1.6
27,1.6
27,1.65
28,1.8
29,1.65
30,1.81
31,1.79
32,1.52
33,1.52
33,1.56
34,1.46
35,1.62
36,1.55
37,1.95
38,2.09
39,2.07
40,2.05
41,2.17
42,2.19
42,2.12
43,2.31
44,2.4
45,2.39
46,2.38
47,2.28
48,2.29
48,2.32
49,2.32
50,2.38
51,2.53
22,None
54,2.58
56,2.58
56,2.61
57,2.72
58,2.72
59,2.58
61,3.03
61,3.08
62,2.98
62,2.97
63,3.16
64,3.25
65,3.25
65,3.42
66,3.61
67,3.6
68,3.65
69,3.68
70,3.55
71,3.56
71,3.52
72,3.48
73,3.49
73,3.44
74,3.33
75,3.31
76,3.4
77,3.37
78,3.24
79,3.23
79,3.2
80,3.18
81,3.24
82,3.1
83,3.15
84,3.19
85,3.02
86,3.14
87,3.38
88,3.52
89,3.6
89,3.56
90,3.66
91,3.72
92,3.85
92,3.8
93,3.88
94,3.89
94,3.88
94,3.88
94,3.88
94,3.89
95,3.92
95,3.76
96,4.0
97,4.14
98,4.16
98,4.25
99,4.25
100,4.23
101,4.28
103,4.36
104,4.57
104,4.57
105,4.56
106,4.64
107,4.71
108,4.65
108,4.66
110,4.67
111,4.59
112,4.71
113,4.46
114,4.79
115,4.81
117,4.8
118,4.94
119,5.15
120,5.2
121,5.31
122,5.28
123,5.51
124,5.6
125,5.47
126,5.31
127,5.27
128,5.26
129,5.5
130,5.27
130,5.27
131,5.14
132,5.15
133,5.26
134,5.16
135,5.19
136,5.15
137,5.16
138,5.1
139,5.27
140,5.32
141,5.28
142,5.3
143,5.36
144,5.61
145,5.48
146,5.66
146,5.66
147,5.71
148,5.62
149,5.36
150,5.58
151,5.64
152,5.91
153,6.01
154,6.05
155,6.03
156,6.01
156,6.02
157,5.98
158,5.9
159,5.91
160,6.18
162,6.06
162,6.08
162,6.08
162,6.08
162,6.08
