8,None
9,0.22
9,0.39
10,0.68
11,0.57
13,0.49
13,0.55
14,0.54
14,0.52
14,0.71
15,0.81
15,0.91
16,1.06
17,1.17
18,1.29
19,1.29
19,1.27
20,1.29
22,1.42
24,1.46
24,1.46
25,1.33
26,1.37
26,1.34
27,1.47
27,1.29
28,1.35
29,1.44
30,1.59
31,1.67
32,1.62
33,1.63
33,1.46
34,1.57
35,1.57
36,1.45
37,1.26
38,1.22
39,1.25
39,1.15
40,1.02
41,1.34
42,1.36
42,1.5
43,1.45
44,1.47
44,1.44
45,1.52
46,1.67
47,1.68
2,None
49,1.77
51,1.71
51,1.62
52,1.91
53,1.83
54,1.79
55,1.67
55,1.81
56,1.72
57,1.54
58,1.51
59,1.55
60,1.67
61,1.61
62,1.69
63,1.57
63,1.81
64,1.73
65,1.75
66,1.73
66,1.73
68,2.04
69,2.09
70,2.23
71,2.22
72,2.3
73,2.34
74,2.82
75,2.82
76,2.86
77,2.84
78,2.8
79,2.97
80,2.96
80,2.75
81,2.7
82,2.67
82,2.68
83,2.85
84,2.98
85,3.03
86,3.02
87,3.16
88,3.17
89,3.37
89,3.63
90,3.71
91,3.72
91,3.72
91,3.72
92,3.68
92,3.59
93,3.62
95,3.55
96,3.61
97,3.63
98,3.69
99,3.61
100,3.76
101,4.05
102,4.06
103,4.07
104,4.3
105,4.37
106,4.18
107,4.52
108,4.47
109,4.6
110,4.8
111,4.92
112,4.86
112,4.84
113,4.52
114,4.64
115,4.65
115,4.61
116,4.75
117,4.74
118,4.83
119,4.55
120,4.67
121,4.72
121,4.67
122,4.72
123,4.85
124,5.11
125,5.36
126,5.41
127,5.43
128,5.41
129,5.37
129,5.28
130,5.22
131,5.24
132,5.37
133,5.45
134,5.55
135,5.3
136,5.43
137,5.4
137,5.39
139,5.38
139,5.37
140,5.29
141,5.36
142,5.32
143,5.58
144,5.75
145,5.72
146,5.78
147,5.84
148,6.01
149,5.99
149,6.0
150,5.9
151,6.13
152,6.09
153,6.07
154,6.11
155,6.24
156,6.27
157,6.17
159,6.16
160,6.26
160,6.26
160,6.26
160,6.26
