6,None
6,0.28
6,0.28
6,0.28
6,0.27
6,0.38
6,0.38
6,0.38
6,0.37
6,0.39
6,0.45
7,0.47
8,0.56
9,0.47
10,0.53
11,0.65
11,0.56
12,0.6
14,0.27
16,0.18
16,0.12
17,0.17
18,0.21
19,0.34
20,0.39
20,0.39
21,0.47
22,0.51
23,0.51
23,0.62
24,0.74
25,0.72
26,0.69
27,0.59
28,0.63
29,0.74
30,0.85
31,0.9
32,0.91
32,0.97
33,1.07
34,0.95
35,1.03
36,0.94
37,1.06
38,1.08
39,1.12
40,1.14
41,1.25
42,1.44
3,None
44,1.56
45,1.55
45,1.61
46,1.65
47,1.53
48,1.53
49,1.71
49,1.77
50,1.91
50,2.0
51,2.1
52,2.26
53,2.07
54,2.1
55,2.13
56,2.13
56,2.21
57,2.19
58,2.23
59,2.27
60,2.27
61,2.17
61,2.23
62,2.19
63,2.29
64,2.25
65,2.24
65,2.52
66,2.55
67,2.41
68,2.43
68,2.42
68,2.41
68,2.44
68,2.42
69,2.17
70,2.45
71,2.36
72,2.28
73,2.44
74,2.48
75,2.64
76,2.56
77,2.38
79,2.38
79,2.3
81,2.48
82,2.5
82,2.5
82,2.5
82,2.49
82,2.68
83,2.83
84,2.58
85,2.59
86,2.96
87,3.0
88,3.19
89,3.39
90,3.51
91,3.53
93,3.52
94,3.54
95,3.41
96,3.56
97,3.86
98,4.01
99,4.05
99,4.07
100,3.79
101,3.82
102,3.81
103,3.46
104,3.69
105,3.73
105,3.76
106,3.72
107,3.53
107,3.54
108,3.6
109,3.55
110,3.58
111,3.59
112,3.74
113,3.98
113,3.99
114,3.92
115,3.98
116,3.94
116,3.93
117,4.14
118,4.95
119,4.93
120,4.98
121,5.04
122,5.16
123,5.11
124,5.2
125,5.29
125,5.17
126,5.12
127,5.28
128,5.41
129,5.35
130,5.32
131,5.38
131,5.37
132,5.37
133,5.42
134,5.31
135,5.74
136,5.75
137,5.84
137,5.83
138,6.09
139,6.13
140,6.36
141,6.39
142,6.64
143,7.01
143,7.03
144,7.22
146,7.39
147,7.62
147,7.62
147,7.62
147,7.62
