9,None
10,-0.21
11,-0.18
11,-0.17
11,-0.19
12,0.03
12,-0.04
13,-0.07
15,-0.19
15,-0.03
16,-0.03
17,0.34
18,0.5
19,0.67
20,0.84
21,0.73
21,1.06
22,1.05
24,1.45
26,1.31
26,1.29
27,1.43
28,1.36
29,1.39
30,1.55
30,1.37
31,1.49
32,1.44
33,1.44
33,1.51
34,1.72
35,1.9
36,1.91
37,1.92
38,1.91
38,1.85
39,1.99
40,2.16
41,2.19
41,2.2
42,2.38
43,2.33
44,2.5
45,2.55
46,2.6
46,2.55
47,2.65
48,2.74
49,2.83
50,2.84
3,None
52,2.69
53,2.69
53,2.68
54,2.87
55,2.72
56,2.82
57,2.88
57,3.0
58,3.0
58,3.19
59,3.12
60,3.33
61,3.29
62,3.25
63,3.4
64,3.41
64,3.5
65,3.6
66,3.88
67,3.77
68,3.72
69,3.72
69,3.89
70,3.93
71,3.95
72,3.95
72,3.94
72,3.95
72,3.96
72,3.94
72,3.92
72,3.93
72,3.92
72,3.94
72,3.94
72,3.94
72,3.93
72,3.91
72,3.89
72,4.05
73,4.46
74,4.36
74,4.6
75,4.45
77,4.3
77,4.59
79,4.41
80,4.45
80,4.44
80,4.44
80,4.43
80,4.26
81,4.43
82,4.56
83,4.62
84,4.92
85,4.92
86,4.84
87,4.86
87,5.14
88,4.92
90,4.89
91,5.27
92,5.41
93,5.41
94,5.44
95,5.36
96,5.33
96,5.33
97,5.43
98,5.33
99,5.24
100,4.93
101,5.17
102,5.23
102,5.27
103,5.28
104,5.33
104,5.32
105,5.27
106,5.33
107,5.46
108,5.54
109,5.66
110,5.72
110,5.73
111,5.72
112,5.71
113,5.76
113,5.75
114,5.8
115,5.84
116,5.98
117,5.89
118,5.89
118,5.88
119,5.77
120,6.0
121,6.18
121,6.17
122,6.13
123,6.03
124,6.08
125,6.34
126,6.3
127,6.51
127,6.5
128,6.61
129,6.71
130,6.66
131,6.65
132,6.59
132,6.59
132,6.59
132,6.61
133,6.63
134,6.8
135,6.86
136,6.99
137,6.97
137,6.98
138,6.97
140,6.91
141,6.9
141,6.9
141,6.9
141,6.9
