13,-0.27
15,-0.28
16,-0.18
17,-0.12
18,0.01
18,0.02
19,0.06
20,-0.08
20,-0.08
21,0.0
22,0.28
23,0.16
24,0.18
24,0.18
25,0.32
26,0.49
27,0.37
28,0.34
29,0.4
30,0.69
31,0.9
32,1.04
33,0.94
34,0.98
34,0.98
35,1.0
35,1.02
36,1.41
37,1.49
38,1.51
39,1.44
39,1.54
40,1.53
41,1.61
41,1.62
42,1.65
43,1.73
44,1.71
44,1.73
45,1.75
46,1.7
47,1.77
48,2.14
49,2.45
50,2.57
51,2.6
52,2.68
53,2.69
54,2.68
55,2.86
56,3.04
57,3.09
57,3.11
58,3.07
59,3.06
60,2.96
61,2.88
62,2.95
63,2.92
64,2.95
65,2.96
66,3.03
67,3.01
68,2.91
69,3.01
70,2.86
70,2.86
71,3.11
72,3.13
