13,0.31
15,0.39
16,0.36
17,0.25
18,0.42
19,0.46
20,0.71
21,0.57
22,0.56
23,0.49
23,0.48
24,0.42
25,0.47
26,0.48
27,0.46
28,0.49
29,0.65
30,0.73
31,0.66
32,0.62
32,0.62
33,0.64
34,0.74
35,0.87
36,0.95
37,1.12
38,1.32
39,1.22
40,1.32
41,1.36
42,1.35
42,1.34
43,1.44
44,1.33
44,1.33
45,1.51
46,1.61
47,1.6
47,1.6
48,1.67
49,1.8
49,1.79
50,1.73
51,1.82
52,1.71
53,1.67
54,1.77
55,1.9
56,1.93
57,2.13
58,2.16
59,2.19
59,2.3
60,2.22
61,2.16
61,2.17
62,2.26
63,2.23
64,2.34
65,2.38
66,2.62
66,2.63
67,2.69
68,2.75
69,2.76
70,2.91
71,3.15
72,3.17
72,3.06
