13,0.26
15,0.26
16,0.27
17,0.23
18,0.27
18,0.38
19,0.37
20,0.41
21,0.53
22,0.67
23,0.71
24,0.78
25,1.1
25,1.11
26,1.23
27,1.25
28,1.36
29,1.28
30,1.29
31,1.51
32,1.38
33,1.53
34,1.6
35,1.56
35,1.55
36,1.42
36,1.45
37,1.59
38,1.78
39,1.93
40,1.79
40,1.77
41,1.75
42,1.68
42,1.68
43,1.53
44,1.48
45,1.54
45,1.55
46,1.61
47,1.62
48,1.64
49,1.86
50,2.13
51,1.96
52,2.03
53,1.96
54,2.12
55,2.26
56,2.67
57,2.71
57,2.66
57,2.68
58,2.55
59,2.73
60,2.75
61,2.83
62,3.02
63,2.95
64,2.81
65,2.79
66,2.68
67,2.63
68,2.77
69,3.05
70,3.2
70,3.2
71,3.26
72,3.15
