13,0.92
15,0.93
16,0.77
17,1.15
18,1.25
19,1.3
20,1.28
21,1.53
22,1.88
23,1.92
24,1.8
25,1.68
26,1.66
26,1.67
27,1.77
28,2.08
29,2.22
29,2.12
29,2.13
29,2.15
29,2.15
29,2.15
30,2.12
31,2.18
32,2.28
33,2.3
34,2.45
34,2.45
35,2.33
36,2.28
37,2.2
38,2.26
39,2.3
40,2.38
41,2.74
42,2.75
43,2.86
44,2.92
44,2.94
44,2.96
44,2.93
44,2.93
45,2.88
46,2.84
47,3.05
48,2.9
49,2.77
49,2.74
50,2.83
51,2.74
52,2.82
53,3.04
53,3.05
54,3.15
55,3.15
56,3.49
57,3.64
58,3.97
59,4.11
59,4.09
60,4.17
61,4.16
61,4.26
62,4.25
63,4.19
64,4.22
65,4.21
66,4.17
67,4.5
