14,1.39
16,1.72
17,1.86
18,2.07
18,2.07
19,2.21
20,2.28
21,2.27
22,2.22
23,2.67
23,2.52
24,2.64
25,2.94
26,3.01
27,3.18
28,3.13
29,3.27
30,3.47
31,3.52
32,3.65
32,3.77
33,3.71
33,3.73
34,3.6
35,3.54
36,3.82
37,3.78
38,3.76
39,3.82
40,3.93
41,4.36
41,4.24
42,4.51
43,4.37
43,4.37
44,4.49
45,4.62
46,4.62
46,4.64
47,4.71
48,4.66
48,4.54
49,4.64
50,4.87
51,4.87
52,5.15
53,5.35
54,5.31
55,5.33
56,5.43
57,5.4
58,5.41
58,5.42
59,5.56
60,5.5
60,5.51
61,5.46
62,5.56
63,5.57
64,5.51
65,5.46
65,5.47
66,5.86
67,5.9
68,5.77
69,5.96
70,6.06
71,6.03
72,6.22
