13,0.18
14,0.17
15,0.43
15,0.33
16,0.28
17,0.38
18,0.15
19,0.11
20,0.13
21,0.03
22,0.04
23,0.01
24,0.21
25,0.22
26,0.26
27,0.29
28,0.33
28,0.55
29,0.55
30,0.95
30,0.95
31,1.04
32,1.04
33,0.95
34,0.88
35,0.81
36,0.93
37,0.98
38,1.02
39,1.0
40,1.1
41,0.86
42,0.93
43,0.99
43,1.0
44,0.93
45,0.98
46,0.96
47,1.05
48,0.97
49,1.15
49,1.25
50,1.36
51,1.43
52,1.61
53,1.54
54,1.59
54,1.47
55,1.5
56,1.76
57,1.77
58,1.81
59,1.76
60,2.04
61,1.94
61,1.95
62,2.01
63,2.07
64,2.02
65,2.08
66,2.27
67,2.36
68,2.3
69,2.2
70,2.55
71,2.92
71,2.96
72,3.09
73,3.22
