13,0.8
14,0.7
15,0.81
16,0.89
17,0.95
18,1.34
18,1.35
19,1.24
20,1.43
21,1.54
22,1.57
23,1.67
24,1.82
24,1.83
25,1.82
26,1.96
27,1.89
28,2.22
29,2.18
30,2.12
31,2.12
32,2.01
33,2.15
34,2.38
35,2.59
36,2.53
37,2.54
38,2.59
39,2.56
40,2.67
41,2.69
41,2.67
42,2.76
43,2.74
44,2.68
45,2.58
46,2.83
47,2.83
47,2.82
47,2.84
49,2.9
49,2.9
50,2.77
51,2.79
52,2.96
52,2.97
53,2.91
54,2.81
55,2.71
56,2.69
57,2.69
58,2.59
58,2.59
59,2.56
59,2.56
60,2.63
61,2.71
62,2.86
63,2.78
63,2.75
64,2.79
65,2.75
66,2.7
67,2.77
68,3.1
69,3.09
70,3.22
71,3.35
72,3.35
